2
5
2
3
4
2
0 6586044479082578451878109050446844546292641543079095620169257055168603268507 2911872889301821272719673994963388945452875034759669773967773126305165255393 0 15606635813662787877029806785421872575039454767673658137399528186992721065381 19496839009133108399495378999387319520845779332162999139854557248263319449649
0 21347831629202795709720526212606626060648768032741982624672045164031795142040 1704100807858769782556240918875630701041946440179967199526094506082844469539 0 4831140185569996273311455992669788097705622913462406424714679981280726448444 21689238835532177211287451044833559546774059669604278015194039015252770140160
5
3
0
1
4
3
0 6651223946297412884136464228821948887045636159975786830607667994172507898751 2257688579735114574711503985185918943689222898951886184929578435962322493036 4115512426986880455521282528583099046642851414457967531955907265100450205727 2391715086748235094273206943265983815246360072908270652851893661325346197726 0 10113985657257694384978365954227654480025371684837989592096460200402320138317 3247965142017374955082504193959753392807964240502814656128335029135066513754
0 8095040306267739881224721519306743879267280403144419650763110432787711458010 13829296960281619370541874672835550867767373330765723637586873962759957619984 14687225517508372055871590648621788859216044464603666352288289059343871315054 20682117942049318836648336751971018060019937056137154489117444182596926187189 0 14289509122330501598352656011930499704621033804110462712082087623771124526850 16181734378787216902992703052975048561259530701956162487808489718382557388749
0 2808096941448412806323006729107709881784822425544249843055195131412759609534 15506014617763290686138326147037211559335011928115030668975897661234893011161 21184022186673940433165247893428072409649071223303317142879414846786945869372 1733817884821396042477815461553793216065392309766100089740338262726419011026 0 10826445581920032641273241565315898836173686891027492246884418584873707446802 18012109360273771279782699986772098264267924180213400231566747595433667705569
5
3
2
3
4
3
0 4718017715794999404627388580131751465838794357562167254284343477069316697292 12042430592022862871711786268872191617261306553787664740188608006882039626426 0 20073442399986981185709204144317213778961396655311758541296962388688823745422 17257785084212355903443443832055289486198768366663847038608955627901899952651
0 6023441029712076625440331468864720738805209729042505725675511338764187024411 1850238121283853273351080122154358019034953266355675305840136255748134535539 0 4303682742111745848901855755207027629215235673530643734956535206021445719297 10615811085768403324300381779750439907272717984892800458827588657899744782176
0 5984877913702424115379051387692524464280488182976016945786489324549236571038 12587587945326306594176458238346457882086097614406052595409888579720857114176 0 12991935459910897452887056323537401247366962797821044223415214767209523319133 17681006046626046856518007569054996615416669592285377112595394991227130021169
6
0 6350874878119819312338956282401532409788428879151445726012394534686998597021 12701749756239638624677912564803064819576857758302891452024789069373997194042
0 8431549344565815126662109798882531740322922448611553586302691473918832314139 6607495428867112581896533959370060706421119653045097083142945226980304884419
0 11093119624720997531274227744243866327476234125527098623764253347927848675532 20661335851344402548644027599407086010707459201823132054952584569353544793018
0 19870156586047357151278352105486885668693968679219858667944917759856176206694 433142714898807679332285266954317651070551044713265278458530036609021857052
0 10161158330891857438908213186592880729088569204538903438171557757856587756511 13196306422032529246039060651142242990405563032086682268006251430372466141792
0 2688910700008051835940778570512311624955982734507171240666961936656480386930 1075669447454522638851802594308304602718323627710308317602761012194978786659
7
0 6851202822025239315264588188996677914373440186736702733918912477592568417257 418311998074919255276625570202444612103154793651814703198435659013010637575
0 3137756090386607217097202342096688891200367497847636505016699330050104004237 21152275025402537238844999825603675199869307741994942895648687934737114048958
0 14840160078339960847835742942464941556781551381915022084475979812453473466729 16224259992054593195385818378428054631150204602281920344368476219288853395691
0 3570139639277110429513156514471853669370966331044922651959786359947851019276 18635235831715196017959540028113641448012442662224435597040322915852181850321
0 2519547890713108186237207689607510604480945353694070504006279069723596260965 404790192837065883619526198055035656616292546087724886119510356583385134751
0 4193849746274529079424785126512751977217265768617165514813511806692428739406 18469876381781528574880336180393272762189266907312380355433684963485455852878
0 12190147913565408785749225042778731778878921289176245554853516347803058095586 252360401667982374700373928439860029247701689940919148273622720304085942687
2
1
2
1
1
6350874878119819312338956282401532410528162663560392320966563075034087161851
2
0
6350874878119819312338956282401532410528162663560392320966563075034087161851
1
12701749756239638624677912564803064821056325327120784641933126150068174323702
1
3
6350874878119819312338956282401532410528162663560392320966563075034087161851
2
0
15537367993719455909907449462855742678020201736855642022731641111541721333766
3
6350874878119819312338956282401532410528162663560392320966563075034087161851
1
1
6350874878119819312338956282401532410528162663560392320966563075034087161851
1
2
6350874878119819312338956282401532410528162663560392320966563075034087161851
0 8541573091305455296724877584844521421002742661682281963246609620467438371423 14156220953127019257443630263164946595283831125148195087730261535226794750164 21549294520402376277802354837266643920742148323674018689555536339432211737420 12686663526077183677296748183304015489342224110479923048774107571140907126609
0 8461710151942878195807632595140827338398028817502754283973935178865686744953 10303053597297899970906329407032229718572258972541862544343258843813639672472
0 2074761372600645226710591543784883136043935103532912581651403633718464821387 16970752735760943488334515361096266771865101052031795117141864330959022568808 3604657080742941698106705472514077315517427630021471513430264366540602222084 3336129152428145870493160878583147731784373278389492654112761971176447442402
0 13427750784092652569659227408791262392490655776823408129720688132720101458104 19018064776604786156996719073706524607531107313026992703448727923462076793454 10718174464232328589124700901587987430767960531069155536580101648566835716317 14097533334957539223674044623039885526634087731592794747849842895804007146464
0 7002621824391029808628000548649667617400572145872399021947636281699997974634 1321779366906084497761803088073503396160427320152141924173845230812143158064
0 13221099930795643850689586018370320916188170840928313587050139832404679997481 13749458135400704556143890524126086103781948213421694996623977966534046266867 2834977291788934723877099902049367933743133799411294700105529061372952380991 9506488348694567792894481158351452032337037980837340885186477828088740543042
0 6667896461118503665346367534048692874542034089172631918523594782072839239912 11459159572904524425802301286027701540555490865240893339847896931195335118177 11124599503850637106219831848209568580134417395876443557088427928822959012196 16441000696803532011604709409246183534371074005055812233323593069314405242594
0 5051284918776870526737031688625708963859298739996870686582652933304090904578 11628487017310630663469231078011252612441185933253130611979982344251933786968
2
2
0
1
2
0 3571476218058450954134535068022026352101814954157031656504856994796754014300 17055701501327797894100817119561651005566316779245452331127881684062127671987
0 17855941480665588105374868822311221160033405186082982233936045648779321204603 17916301011137645210882877347126978948755611316257303008867068539811941950035


