13808387649226163507063792386180088983595221122834199911510538359943588379414 8442078520249958915030634667268759020218757810406518977395200760809682133517
18304615908782417867206164413108884012477231070491530084355691111990728218799 17717153401746809329078165144818692985914213778728900168561889091985170685520
1 0
6685065699859968311437814760956807950845911934400042706433380583214612984056
18436034628957819496203474059518933808571698407558930242057563947561863992617
1
2994844509377071398792456137107774204305123052094476619525006297164421089190 21270899650313480780341822857652973867751328693337694583235880539511938869907
2835786650582672289782137849498418918771648746793708485960828506351523806302 7532822543397848535947408995236410900956850503601857037276566611645959517253
1 0
3366891155615265069354536465123978518408782955053406609935286400323235510235 21156771415730100033319543240962809082266117184805878372642764653655111245567
14289389246618461364344937633507694746227288276055778884032178780701220485629 12367299035991053834379618384813212828268947491888077848346006076160316920562
1 0
15321554227221607682000557832404685607188459736647756576817677110949683007001
8934224913771247504623618101159225312247344015379480291714960455668058819721
1
18442696804509739089667222218739691255053036591391441180603017000417593014652 3104754457407264827301985078698348315879644090569318149186964472523310392800
8636305364669381507853191394920401555180200180286633308549872422670599776621 3002433631124417457814700092825039884099435424436133854454724283369122107992
1 0
779509437889377679712470622466783423853936959847724224508486733190963225854 9080489133858602845771221890626968885069265314274005568049432056372383469884
11231005720774865740621863543230470184983614548384889045705677450956508662591 7215322243577091480029153647569116543460778776922027840383714341582229972893
1 0
3
11832170636075964836182753858195421132753703487926805877292563443077554628086
1664849632424692727128192414704219913556230039017091382560374296860650696577
1
3337199953228897799538487645519268336496259601522480501683851259990721923290
15112737462862810541070378528761476391778649675891844753075138517968168165047
1
13090820539253289291553856075751532038304036172816953035747540966904596759447
7185407585833752060449311169883896073080188146138244285379277434495723562754
1
